mission_id,test_model,test_weight,test_seed,test_method,timeout,mission_status,enhance_id
123,Vgg16,weightA,seed1,FGSM,3600,1,888
123,Vgg16,weightA,seed1,FGSM,3600,1,777
12,Vgg16,weightA,seed1,FGSM,3600,2,7799
